  min   sub    md ms   dez korr 2016-10-01 13:35:08
  625   450   175 10   292   
  625   442   183 11   305   
  723   655    68 01   113   
  725   655    70 21   117   
 1025   840   185 20   308+1 
 1025   840   185 20   308+1 
 1220  1040   180 22   300   
 1200  1110    90 00   150   
 1220  1200    20 20    33+1 
 1220  1040   180 22   300   
 1200  1110    90 00   150   
 1220  1200    20 20    33+1 
  995   855   140 20   233+1 
  995   855   140 20   233+1 
 1230  1010   220 02   367-1 
 1200  1110    90 00   150   
 1230  1200    30 00    50   
 1230  1010   220 02   367-1 
 1200  1110    90 00   150   
 1230  1200    30 00    50   
  905   750   155 20   258+1 
  905   750   155 20   258+1 
 1042   920   122 12   203   
 1042   920   122 12   203   
 1230  1057   173 01   288   
 1200  1110    90 00   150   
 1230  1200    30 00    50   
 1231  1057   174 11   290   
 1200  1110    90 00   150   
 1231  1200    31 10    52   
  920   750   170 20   283+1 
  920   750   170 20   283+1 
 1035   935   100 02   167-1 
 1035   935   100 02   167-1 
 1230  1055   175 02   292-1 
 1200  1110    90 00   150   
 1230  1200    30 00    50   
 1230  1055   175 02   292-1 
 1200  1110    90 00   150   
 1230  1200    30 00    50   
  650   450   200 20   333+1 
  650   450   200 20   333+1 
  723   665    58 02    97-1 
  725   665    60 22   100   
  925   600   325 10   542   
 1220  1080   140 20   233+1 
  685   450   235 10   392   
  685   405   280 10   467   
  795   695   100 02   167-1 
  795   695   100 02   167-1 
  870   810    60 00   100   
  900   810    90 00   150   
  750   630   120 00   200   
  750   630   120 00   200   
 1007   765   242 20   403+1 
 1007   765   242 20   403+1 
 1140  1022   118 02   197-1 
 1140  1110    30 00    50   
 1140  1022   118 02   197-1 
 1140  1110    30 00    50   
  580   390   190 10   317   
  580   385   195 11   325   
  722   595   127 21   212   
  722   595   127 21   212   
  900   737   163 02   272-1 
  905   737   168 22   280   
  552   450   102 00   170   
  552   442   110 01   183   
  705   567   138 00   230   
  715   567   148 10   247   
  645   420   225 00   375   
  645   410   235 02   392-1 
  780   660   120 00   200   
  780   660   120 00   200   
  930   795   135 00   225   
  934   795   139 10   232   
  570   420   150 00   250   
  570   420   150 00   250   
  810   585   225 00   375   
  810   585   225 00   375   
  930   825   105 00   175   
  931   825   106 10   177   
  885   720   165 00   275   
  885   720   165 00   275   
 1066   900   166 10   277   
 1066   900   166 10   277   
 1230  1081   149 01   248   
 1200  1110    90 00   150   
 1230  1200    30 00    50   
 1230  1081   149 01   248   
 1200  1110    90 00   150   
 1230  1200    30 00    50   
  855   720   135 00   225   
  855   720   135 00   225   
 1057   870   187 10   312   
 1057   870   187 10   312   
 1230  1072   158 01   263   
 1200  1110    90 00   150   
 1230  1200    30 00    50   
 1230  1072   158 01   263   
 1200  1110    90 00   150   
 1230  1200    30 00    50   
  585   465   120 00   200   
  585   465   120 00   200   
  760   600   160 10   267   
  760   600   160 10   267   
 1000   775   225 11   375   
 1000   775   225 11   375   
  890   630   260 20   433+1 
  890   630   260 20   433+1 
 1042   905   137 12   228   
 1042   905   137 12   228   
 1140  1057    83 01   138   
 1140  1110    30 00    50   
 1140  1057    83 01   138   
 1140  1110    30 00    50   
  540   390   150 00   250   
  540   390   150 00   250   
  735   555   180 00   300   
  735   555   180 00   300   
  566   390   176 20   293+1 
  566   390   176 20   293+1 
  764   581   183 22   305   
  764   581   183 22   305   
  900   779   121 02   202-1 
  905   779   126 22   210   
  891   600   291 00   485   
  744   405   339 00   565   
  744   405   339 00   565   
  750   630   120 00   200   
  750   630   120 00   200   
 1037   765   272 20   453+1 
 1037   765   272 20   453+1 
 1140  1052    88 02   147-1 
 1140  1110    30 00    50   
 1140  1052    88 02   147-1 
 1140  1110    30 00    50   
  554   390   164 20   273+1 
  554   390   164 20   273+1 
  795   569   226 02   377-1 
  795   569   226 02   377-1 
  900   810    90 00   150   
  900   810    90 00   150   
  830   720   110 20   183+1 
  830   720   110 20   183+1 
 1047   845   202 02   337-1 
 1047   845   202 02   337-1 
 1230  1062   168 00   280   
 1200  1110    90 00   150   
 1230  1200    30 00    50   
 1230  1062   168 00   280   
 1200  1110    90 00   150   
 1230  1200    30 00    50   
  850   720   130 10   217   
  850   720   130 10   217   
  975   865   110 01   183   
 1002   865   137 01   228   
  860   720   140 20   233+0 
  860   720   140 20   233+0 
 1020   875   145 02   242-1 
 1020   875   145 02   242-1 
 1245  1035   210 00   350   
 1200  1110    90 00   150   
 1245  1200    45 00    75   
 1245  1035   210 00   350   
 1200  1110    90 00   150   
 1245  1200    45 00    75   
  852   630   222 00   370   
  852   630   222 00   370   
  984   867   117 00   195   
  984   867   117 00   195   
 1140   999   141 00   235   
 1140  1110    30 00    50   
 1140   999   141 00   235   
 1140  1110    30 00    50   
 1021   885   136 10   227   
 1021   885   136 10   227   
 1230  1036   194 01   323   
 1200  1110    90 00   150   
 1230  1200    30 00    50   
 1265  1036   229 21   382   
 1200  1110    90 00   150   
 1265  1200    65 20   108+1 
  602   390   212 20   353+1 
  602   390   212 20   353+1 
  800   617   183 22   305   
  800   617   183 22   305   
  900   815    85 02   142-1 
  905   815    90 22   150   
  911   600   311 20   518+1 
  569   390   179 20   298+1 
  569   390   179 20   298+1 
  735   584   151 02   252-1 
  735   584   151 02   252-1 
  555   420   135 00   225   
  555   420   135 00   225   
  834   570   264 00   440   
  834   570   264 00   440   
  900   849    51 00    85   
  900   849    51 00    85   
  900   630   270 00   450   
  900   630   270 00   450   
 1140   930   210 00   350   
 1140  1110    30 00    50   
 1140   930   210 00   350   
 1140  1110    30 00    50   
  860   720   140 20   233+0 
  848   720   128 20   213+1 
  848   720   128 20   213+1 
 1012   863   149 12   248   
 1012   863   149 12   248   
 1225  1027   198 11   330   
 1200  1110    90 00   150   
 1225  1200    25 10    42   
 1225  1027   198 11   330   
 1200  1110    90 00   150   
 1225  1200    25 10    42   
  827   720   107 20   178+1 
  827   720   107 20   178+1 
  980   842   138 22   230   
  980   842   138 22   230   
 1215   995   220 02   367-1 
 1200  1110    90 00   150   
 1215  1200    15 00    25   
 1215   995   220 02   367-1 
 1200  1110    90 00   150   
 1215  1200    15 00    25   
  775   630   145 10   242   
  775   630   145 10   242   
 1045   790   255 11   425   
 1045   790   255 11   425   
 1140  1060    80 01   133   
 1140  1110    30 00    50   
 1141  1060    81 11   135   
 1141  1110    31 10    52   
  995   885   110 20   183+1 
  995   885   110 20   183+1 
 1230  1010   220 02   367-1 
 1200  1110    90 00   150   
 1230  1200    30 00    50   
 1230  1010   220 02   367-1 
 1200  1110    90 00   150   
 1230  1200    30 00    50   
  550   390   160 10   267   
  550   390   160 10   267   
  735   565   170 01   283   
  735   565   170 01   283   
  865   720   145 10   242   
  865   720   145 10   242   
 1107   880   227 01   378   
 1107   880   227 01   378   
 1223  1122   101 20   168+1 
 1200  1122    78 00   130   
 1223  1200    23 20    38+1 
 1223  1122   101 20   168+1 
 1200  1122    78 00   130   
 1223  1200    23 20    38+1 
  595   420   175 10   292   
  595   415   180 11   300   
  746   610   136 21   227   
  746   610   136 21   227   
  900   761   139 02   232-1 
  900   761   139 02   232-1 
  744   630   114 00   190   
  744   630   114 00   190   
 1025   759   266 20   443+1 
 1025   759   266 20   443+1 
 1138  1040    98 12   163   
 1138  1110    28 10    47   
 1138  1040    98 12   163   
 1138  1110    28 10    47   
  770   600   170 20   283+1 
  770   600   170 20   283+1 
  885   785   100 02   167-1 
  885   785   100 02   167-1 
  538   390   148 10   247   
  538   390   148 10   247   
  735   553   182 01   303   
  735   553   182 01   303   
  880   600   280 10   467   
  879   720   159 00   265   
  879   720   159 00   265   
  995   894   101 20   168+1 
  995   894   101 20   168+1 
 1215  1010   205 02   342-1 
 1200  1110    90 00   150   
 1215  1200    15 00    25   
 1215  1010   205 02   342-1 
 1200  1110    90 00   150   
 1215  1200    15 00    25   
  761   630   131 20   218+1 
  761   630   131 20   218+1 
  980   776   204 22   340   
  980   776   204 22   340   
 1140   995   145 02   242-1 
 1140  1110    30 00    50   
 1140   995   145 02   242-1 
 1140  1110    30 00    50   
  884   720   164 20   273+1 
  884   720   164 20   273+1 
 1050   899   151 02   252-1 
 1050   899   151 02   252-1 
 1230  1065   165 00   275   
 1200  1110    90 00   150   
 1230  1200    30 00    50   
 1230  1065   165 00   275   
 1200  1110    90 00   150   
 1230  1200    30 00    50   
  560   390   170 20   283+1 
  560   390   170 20   283+1 
  795   575   220 02   367-1 
  795   575   220 02   367-1 
  900   810    90 00   150   
  900   810    90 00   150   
  564   405   159 00   265   
  564   405   159 00   265   
  730   579   151 10   252   
  730   579   151 10   252   
  855   745   110 01   183   
  855   745   110 01   183   
  835   720   115 10   192   
  835   720   115 10   192   
 1046   850   196 21   327   
 1046   850   196 21   327   
 1215  1061   154 02   257-1 
 1200  1110    90 00   150   
 1215  1200    15 00    25   
 1215  1061   154 02   257-1 
 1200  1110    90 00   150   
 1215  1200    15 00    25   
  747   630   117 00   195   
  747   630   117 00   195   
  958   761   197 12   328   
  958   761   197 12   328   
 1140   973   167 01   278   
 1140  1110    30 00    50   
 1140   973   167 01   278   
 1140  1110    30 00    50   
  776   600   176 20   293+1 
  776   600   176 20   293+1 
  885   791    94 02   157-1 
  885   791    94 02   157-1 
  855   720   135 00   225   
  730   570   160 10   267   
  875   720   155 20   258+1 
  875   720   155 20   258+1 
 1032   895   137 01   228   
 1032   895   137 01   228   
 1217  1047   170 20   283+1 
 1200  1110    90 00   150   
 1217  1200    17 20    28+1 
 1217  1047   170 20   283+1 
 1200  1110    90 00   150   
 1217  1200    17 20    28+1 
  760   630   130 10   217   
  760   630   130 10   217   
 1000   775   225 11   375   
 1000   775   225 11   375   
 1140  1015   125 01   208   
 1140  1110    30 00    50   
 1140  1015   125 01   208   
 1140  1110    30 00    50   
  849   705   144 00   240   
  849   705   144 00   240   
 1036   864   172 10   287   
 1036   864   172 10   287   
 1220  1051   169 21   282   
 1200  1110    90 00   150   
 1220  1200    20 20    33+1 
 1220  1051   169 21   282   
 1200  1110    90 00   150   
 1220  1200    20 20    33+1 
  580   405   175 10   292   
  580   405   175 10   292   
  810   595   215 01   358   
  812   595   217 21   362   
  550   405   145 10   242   
  550   405   145 10   242   
  772   565   207 11   345   
  772   565   207 11   345   
  900   787   113 01   188   
  900   787   113 01   188   
  835   720   115 10   192   
  835   720   115 10   192   
 1020   850   170 01   283   
 1020   850   170 01   283   
 1215  1035   180 00   300   
 1200  1110    90 00   150   
 1215  1200    15 00    25   
 1215  1035   180 00   300   
 1200  1110    90 00   150   
 1215  1200    15 00    25   
  814   630   184 10   307   
  814   630   184 10   307   
  975   829   146 01   243   
  975   829   146 01   243   
 1140   990   150 00   250   
 1140  1110    30 00    50   
 1143   990   153 00   255   
 1143  1110    33 00    55   
  790   645   145 10   242   
  790   645   145 10   242   
  984   805   179 01   298   
  984   805   179 01   298   
 1215   999   216 00   360   
 1200  1110    90 00   150   
 1215  1200    15 00    25   
 1215   999   216 00   360   
 1200  1110    90 00   150   
 1215  1200    15 00    25   
  553   390   163 10   272   
  553   390   163 10   272   
  750   568   182 01   303   
  750   568   182 01   303   
  900   765   135 00   225   
  902   765   137 20   228+1 
  546   405   141 00   235   
  546   405   141 00   235   
  760   561   199 10   332   
  760   561   199 10   332   
  896   775   121 21   202   
  896   775   121 21   202   
  565   390   175 10   292   
  565   390   175 10   292   
  760   580   180 11   300   
  760   580   180 11   300   
  907   775   132 11   220   
  907   775   132 11   220   
  772   630   142 10   237   
  772   630   142 10   237   
  988   787   201 11   335   
  988   787   201 11   335   
 1140  1003   137 01   228   
 1140  1110    30 00    50   
 1140  1003   137 01   228   
 1140  1110    30 00    50   
  618   390   228 00   380   
  618   390   228 00   380   
  840   633   207 00   345   
  840   633   207 00   345   
  898   855    43 10    72   
  898   855    43 10    72   
  585   405   180 00   300   
  585   405   180 00   300   
  775   600   175 10   292   
  775   600   175 10   292   
  915   790   125 01   208   
  915   790   125 01   208   
  584   390   194 20   323+1 
  584   390   194 20   323+1 
  775   599   176 12   293   
  775   599   176 12   293   
  900   790   110 01   183   
  900   790   110 01   183   
  590   480   110 20   183+1 
  590   480   110 20   183+1 
  849   605   244 02   407-1 
  849   605   244 02   407-1 
  990   864   126 00   210   
  992   864   128 20   213+1 
  855   720   135 00   225   
  564   405   159 00   265   
  564   405   159 00   265   
  738   579   159 00   265   
  738   579   159 00   265   
  915   753   162 00   270   
  917   753   164 20   273+1 
  861   630   231 00   385   
  861   630   231 00   385   
 1025   876   149 20   248+1 
 1025   876   149 20   248+1 
 1215  1040   175 02   292-1 
 1200  1110    90 00   150   
 1215  1200    15 00    25   
 1215  1040   175 02   292-1 
 1200  1110    90 00   150   
 1215  1200    15 00    25   
  550   390   160 10   267   
  550   390   160 10   267   
  755   565   190 21   317   
  755   565   190 21   317   
  900   770   130 02   217-1 
  900   770   130 02   217-1 
  543   390   153 00   255   
  543   390   153 00   255   
  720   558   162 00   270   
  721   558   163 10   272   
  565   405   160 10   267   
  565   405   160 10   267   
  761   580   181 21   302   
  761   580   181 21   302   
  867   776    91 02   152-1 
  867   776    91 02   152-1 
  984   870   114 00   190   
  984   870   114 00   190   
 1240   999   241 10   402   
 1200  1110    90 00   150   
 1240  1200    40 10    67   
 1240   999   241 10   402   
 1200  1110    90 00   150   
 1240  1200    40 10    67   
  832   720   112 10   187   
  832   720   112 10   187   
  986   847   139 21   232   
  986   847   139 21   232   
 1215  1001   214 02   357-1 
 1200  1110    90 00   150   
 1215  1200    15 00    25   
 1215  1001   214 02   357-1 
 1200  1110    90 00   150   
 1215  1200    15 00    25   
  917   720   197 20   328+1 
  917   720   197 20   328+1 
 1020   932    88 02   147-1 
 1020   932    88 02   147-1 
 1215  1035   180 00   300   
 1200  1110    90 00   150   
 1215  1200    15 00    25   
 1215  1035   180 00   300   
 1200  1110    90 00   150   
 1215  1200    15 00    25   
  880   700   180 11   300   
  888   600   288 00   480   
  630   405   225 00   375   
  630   404   226 02   377-1 
  837   645   192 00   320   
  837   645   192 00   320   
  915   852    63 00   105   
  915   852    63 00   105   
  627   390   237 00   395   
  627   389   238 02   397-1 
  772   642   130 10   217   
  772   642   130 10   217   
  906   787   119 01   198   
  906   787   119 01   198   
  742   630   112 10   187   
  742   629   113 12   188   
  980   757   223 21   372   
  980   757   223 21   372   
 1140   995   145 02   242-1 
 1140  1110    30 00    50   
 1140   995   145 02   242-1 
 1140  1110    30 00    50   
  843   705   138 00   230   
  843   704   139 02   232-1 
 1010   858   152 20   253+1 
 1010   858   152 20   253+1 
 1215  1026   189 00   315   
 1200  1110    90 00   150   
 1215  1200    15 00    25   
 1215  1026   189 00   315   
 1200  1110    90 00   150   
 1215  1200    15 00    25   
  568   390   178 10   297   
  568   389   179 12   298   
  819   583   236 01   393   
  819   583   236 01   393   
  900   834    66 00   110   
  900   834    66 00   110   
  582   405   177 00   295   
  582   404   178 02   297-1 
  803   597   206 20   343+1 
  803   597   206 20   343+1 
  915   817    98 01   163   
  916   817    99 11   165   
  565   390   175 10   292   
  565   389   176 12   293   
  752   580   172 21   287   
  752   580   172 21   287   
  900   769   131 01   218   
  901   769   132 11   220   
  567   480    87 00   145   
  567   479    88 02   147-1 
  721   582   139 10   232   
  721   582   139 10   232   
  885   735   150 00   250   
  885   735   150 00   250   
  843   600   243 00   405   
  843   599   244 02   407-1 
  943   858    85 10   142   
  943   858    85 10   142   
  998   958    40 21    67   
  998   958    40 21    67   
  875   600   275 20   458+0 
  610   404   206 12   343   
  610   404   206 12   343   
  720   625    95 01   158   
  720   625    95 01   158   
  893   705   188 20   313+1 
  893   704   189 22   315   
 1106   908   198 22   330   
 1106   908   198 22   330   
 1225  1121   104 12   173   
 1200  1121    79 02   132-1 
 1225  1200    25 10    42   
 1225  1121   104 12   173   
 1200  1121    79 02   132-1 
 1225  1200    25 10    42   
  815   600   215 20   358+1 
  815   599   216 22   360   
 1095   845   250 02   417-1 
 1095   845   250 02   417-1 
  578   375   203 20   338+1 
  578   374   204 22   340   
  726   593   133 02   222-1 
  726   593   133 02   222-1 
  889   741   148 10   247   
  889   741   148 10   247   
  605   405   200 20   333+1 
  605   404   201 22   335   
  741   620   121 02   202-1 
  741   620   121 02   202-1 
  915   756   159 00   265   
  915   756   159 00   265   
  881   690   191 20   318+1 
  881   689   192 22   320   
 1039   896   143 12   238   
 1039   896   143 12   238   
 1215  1054   161 01   268   
 1200  1110    90 00   150   
 1215  1200    15 00    25   
 1217  1054   163 21   272   
 1200  1110    90 00   150   
 1217  1200    17 20    28+1 
  825   705   120 00   200   
  825   705   120 00   200   
 1043   840   203 20   338+1 
 1043   840   203 20   338+1 
 1215  1058   157 02   262-1 
 1200  1110    90 00   150   
 1215  1200    15 00    25   
 1217  1058   159 22   265   
 1200  1110    90 00   150   
 1217  1200    17 20    28+1 
  779   600   179 20   298+1 
  779   600   179 20   298+1 
  963   794   169 02   282-1 
  963   794   169 02   282-1 
 1115   979   136 21   227   
 1115  1110     5 20     8+1 
 1115   979   136 21   227   
 1115  1110     5 20     8+1 
  880   600   280 10   467   
  883   705   178 10   297   
  883   705   178 10   297   
 1043   898   145 21   242   
 1043   898   145 21   242   
 1221  1058   163 02   272-1 
 1200  1110    90 00   150   
 1221  1200    21 00    35   
 1221  1058   163 02   272-1 
 1200  1110    90 00   150   
 1221  1200    21 00    35   
  737   597   140 20   233+1 
  737   594   143 20   238+1 
 1012   752   260 12   433   
 1012   752   260 12   433   
 1131  1027   104 01   173   
 1131  1110    21 00    35   
 1131  1027   104 01   173   
 1131  1110    21 00    35   
  733   600   133 10   222   
  733   600   133 10   222   
  890   748   142 21   237   
  890   748   142 21   237   
  859   705   154 10   257   
  859   705   154 10   257   
 1020   874   146 01   243   
 1020   874   146 01   243   
 1208  1035   173 20   288+1 
 1200  1110    90 00   150   
 1208  1200     8 20    13+1 
 1208  1035   173 20   288+1 
 1200  1110    90 00   150   
 1208  1200     8 20    13+1 
  877   705   172 10   287   
  877   705   172 10   287   
 1072   892   180 11   300   
 1072   892   180 11   300   
 1225  1087   138 11   230   
 1200  1110    90 00   150   
 1225  1200    25 10    42   
 1225  1087   138 11   230   
 1200  1110    90 00   150   
 1225  1200    25 10    42   
  569   390   179 20   298+1 
  569   390   179 20   298+1 
  746   584   162 22   270   
  746   584   162 22   270   
  662   390   272 20   453+1 
  662   390   272 20   453+1 
  851   677   174 22   290   
  851   677   174 22   290   
  900   866    34 02    57-1 
  901   866    35 12    58   
  767   600   167 20   278+1 
  767   600   167 20   278+1 
  994   782   212 12   353   
  994   782   212 12   353   
 1110  1009   101 01   168   
 1110  1009   101 01   168   
  855   720   135 00   225   
  862   705   157 10   262   
  862   705   157 10   262   
 1086   877   209 01   348   
 1086   877   209 01   348   
 1210  1101   109 10   182   
 1200  1110    90 00   150   
 1210  1200    10 10    17   
 1210  1101   109 10   182   
 1200  1110    90 00   150   
 1210  1200    10 10    17   
  816   600   216 00   360   
  816   600   216 00   360   
  951   831   120 00   200   
  951   831   120 00   200   
 1110   966   144 00   240   
 1110   966   144 00   240   
  737   600   137 20   228+1 
  737   600   137 20   228+1 
  871   752   119 12   198   
  871   752   119 12   198   
 1110   886   224 01   373   
 1110   886   224 01   373   
  585   375   210 00   350   
  585   375   210 00   350   
  755   600   155 20   258+1 
  755   600   155 20   258+1 
  885   770   115 02   192-1 
  885   770   115 02   192-1 
  830   705   125 20   208+1 
  830   705   125 20   208+1 
 1042   845   197 12   328   
 1042   845   197 12   328   
 1226  1057   169 21   282   
 1200  1110    90 00   150   
 1226  1200    26 20    43+1 
 1226  1057   169 21   282   
 1200  1110    90 00   150   
 1226  1200    26 20    43+1 
  866   705   161 20   268+1 
  866   705   161 20   268+1 
 1083   881   202 02   337-1 
 1083   881   202 02   337-1 
 1226  1098   128 20   213+1 
 1200  1110    90 00   150   
 1226  1200    26 20    43+1 
 1226  1098   128 20   213+1 
 1200  1110    90 00   150   
 1226  1200    26 20    43+1 
  884   705   179 20   298+1 
  884   705   179 20   298+1 
 1058   899   159 22   265   
 1058   899   159 22   265   
 1223  1073   150 22   250   
 1200  1110    90 00   150   
 1223  1200    23 20    38+1 
 1223  1073   150 22   250   
 1200  1110    90 00   150   
 1223  1200    23 20    38+1 
  595   404   191 12   318   
  595   404   191 12   318   
  796   610   186 11   310   
  796   610   186 11   310   
  915   811   104 01   173   
  919   811   108 11   180   
  876   705   171 00   285   
  876   705   171 00   285   
 1061   891   170 20   283+1 
 1061   891   170 20   283+1 
 1222  1076   146 12   243   
 1200  1110    90 00   150   
 1222  1200    22 10    37   
 1222  1076   146 12   243   
 1200  1110    90 00   150   
 1222  1200    22 10    37   
  890   600   290 20   483+0 
  860   705   155 20   258+1 
  860   705   155 20   258+1 
 1074   875   199 02   332-1 
 1074   875   199 02   332-1 
 1211  1089   122 20   203+1 
 1200  1110    90 00   150   
 1211  1200    11 20    18+1 
 1211  1089   122 20   203+1 
 1200  1110    90 00   150   
 1211  1200    11 20    18+1 
  667   540   127 10   212   
  667   540   127 10   212   
  893   682   211 21   352   
  893   682   211 21   352   
 1050   908   142 02   237-1 
 1050   908   142 02   237-1 
  840   600   240 00   400   
  840   600   240 00   400   
 1035   855   180 00   300   
 1035   855   180 00   300   
 1110  1050    60 00   100   
 1110  1050    60 00   100   
  618   390   228 00   380   
  618   390   228 00   380   
  735   633   102 00   170   
  737   633   104 20   173+1 
  772   600   172 10   287   
  772   600   172 10   287   
  908   787   121 21   202   
  908   787   121 21   202   
 1110   923   187 02   312-1 
 1110   923   187 02   312-1 
 1077   870   207 00   345   
 1077   870   207 00   345   
 1215  1092   123 00   205   
 1200  1110    90 00   150   
 1215  1200    15 00    25   
 1216  1092   124 10   207   
 1200  1110    90 00   150   
 1216  1200    16 10    27   
  926   705   221 20   368+1 
  926   705   221 20   368+1 
 1215   956   259 02   432-1 
 1200  1110    90 00   150   
 1215  1200    15 00    25   
 1216   956   260 12   433   
 1200  1110    90 00   150   
 1216  1200    16 10    27   
  814   600   214 10   357   
  814   600   214 10   357   
  999   830   169 02   282-1 
  999   830   169 02   282-1 
 1120  1014   106 10   177   
 1120  1110    10 10    17   
 1120  1014   106 10   177   
 1120  1110    10 10    17   
  796   570   226 10   377   
  796   570   226 10   377   
  989   811   178 21   297   
  989   811   178 21   297   
 1081  1004    77 12   128   
 1081  1004    77 12   128   
  819   600   219 00   365   
  819   600   219 00   365   
  992   834   158 20   263+1 
  992   834   158 20   263+1 
 1057  1007    50 12    83   
 1057  1007    50 12    83   
  855   720   135 00   225   
 1070   870   200 20   333+1 
 1070   870   200 20   333+1 
 1215  1085   130 02   217-1 
 1200  1110    90 00   150   
 1215  1200    15 00    25   
 1216  1085   131 12   218   
 1200  1110    90 00   150   
 1216  1200    16 10    27   
 1110   600   510 00   850   
 1110   600   510 00   850   
 1110   600   510 00   850   
   -1    -1     0 -1-1     0   
  915   405   510 00   850   
  900   390   510 00   850   
  900   390   510 00   850   
  735   390   345 00   575   
 1110   600   510 00   850   
   -1    -1     0 -1-1     0   
 1215   705   510 00   850   
 1215   870   345 00   575   
 1110   600   510 00   850   
  735   390   345 00   575   
  840   705   135 00   225   
  840   705   135 00   225   
 1067   855   212 20   353+1 
 1067   855   212 20   353+1 
 1215  1082   133 02   222-1 
 1200  1110    90 00   150   
 1215  1200    15 00    25   
 1219  1082   137 12   228   
 1200  1110    90 00   150   
 1219  1200    19 10    32   
  890   600   290 20   483+0 
  869   705   164 20   273+1 
  869   705   164 20   273+1 
 1047   884   163 02   272-1 
 1047   884   163 02   272-1 
 1215  1062   153 00   255   
 1200  1110    90 00   150   
 1215  1200    15 00    25   
 1215  1062   153 00   255   
 1200  1110    90 00   150   
 1215  1200    15 00    25   
  848   705   143 20   238+1 
  848   705   143 20   238+1 
  993   863   130 02   217-1 
  993   863   130 02   217-1 
 1215  1008   207 00   345   
 1200  1110    90 00   150   
 1215  1200    15 00    25   
 1218  1008   210 00   350   
 1200  1110    90 00   150   
 1218  1200    18 00    30   
  803   705    98 20   163+1 
  803   705    98 20   163+1 
 1039   818   221 12   368   
 1039   818   221 12   368   
 1221  1054   167 01   278   
 1200  1110    90 00   150   
 1221  1200    21 00    35   
 1221  1054   167 01   278   
 1200  1110    90 00   150   
 1221  1200    21 00    35   
  613   375   238 10   397   
  613   375   238 10   397   
  835   628   207 11   345   
  835   628   207 11   345   
  895   850    45 11    75   
  895   850    45 11    75   
  604   405   199 10   332   
  604   405   199 10   332   
  783   619   164 01   273   
  783   619   164 01   273   
  915   798   117 00   195   
  916   798   118 10   197   
  608   390   218 20   363+1 
  608   390   218 20   363+1 
  741   623   118 02   197-1 
  741   623   118 02   197-1 
  816   600   216 00   360   
  816   600   216 00   360   
  988   831   157 10   262   
  988   831   157 10   262   
 1110  1004   106 02   177-1 
 1110  1004   106 02   177-1 
  609   390   219 00   365   
  609   390   219 00   365   
  820   624   196 10   327   
  820   624   196 10   327   
  910   835    75 11   125   
  910   835    75 11   125   
  796   600   196 10   327   
  796   600   196 10   327   
  991   811   180 11   300   
  991   811   180 11   300   
 1110  1006   104 01   173   
 1110  1006   104 01   173   
  862   720   142 10   237   
  786   600   186 00   310   
  786   600   186 00   310   
  924   801   123 00   205   
  924   801   123 00   205   
 1110   939   171 00   285   
 1110   939   171 00   285   
  794   600   194 20   323+1 
  794   600   194 20   323+1 
  982   809   173 12   288   
  982   809   173 12   288   
 1110   997   113 01   188   
 1110   997   113 01   188   
  570   390   180 00   300   
  570   390   180 00   300   
  735   585   150 00   250   
  735   585   150 00   250   
  755   600   155 20   258+1 
  755   600   155 20   258+1 
  815   770    45 22    75   
  815   770    45 22    75   
 1014   870   144 00   240   
 1014   870   144 00   240   
 1215  1029   186 00   310   
 1200  1110    90 00   150   
 1215  1200    15 00    25   
 1215  1029   186 00   310   
 1200  1110    90 00   150   
 1215  1200    15 00    25   
  834   705   129 00   215   
  834   705   129 00   215   
 1030   849   181 10   302   
 1030   849   181 10   302   
 1215  1045   170 01   283   
 1200  1110    90 00   150   
 1215  1200    15 00    25   
 1218  1045   173 01   288   
 1200  1110    90 00   150   
 1218  1200    18 00    30   
  727   600   127 10   212   
  727   600   127 10   212   
  875   742   133 21   222   
  875   742   133 21   222   
 1110   890   220 02   367-1 
 1110   890   220 02   367-1 
  898   600   298 10   497   
  898   600   298 10   497   
 1014   913   101 01   168   
 1014   913   101 01   168   
 1110  1029    81 00   135   
 1110  1029    81 00   135   
  845   705   140 20   233+1 
  845   705   140 20   233+1 
 1021   860   161 12   268   
 1021   860   161 12   268   
 1215  1036   179 01   298   
 1200  1110    90 00   150   
 1215  1200    15 00    25   
 1215  1036   179 01   298   
 1200  1110    90 00   150   
 1215  1200    15 00    25   
  890   600   290 20   483+0 
  890   600   290 20   483+0 
  654   405   249 00   415   
  654   405   249 00   415   
  795   669   126 00   210   
  795   669   126 00   210   
  915   810   105 00   175   
  915   810   105 00   175   
  798   600   198 00   330   
  798   600   198 00   330   
  970   813   157 10   262   
  970   813   157 10   262   
 1110   985   125 01   208   
 1110   985   125 01   208   
  571   390   181 10   302   
  571   390   181 10   302   
  824   586   238 21   397   
  824   586   238 21   397   
  900   839    61 02   102-1 
  900   839    61 02   102-1 
  931   705   226 10   377   
  931   705   226 10   377   
 1072   946   126 11   210   
 1072   946   126 11   210   
 1215  1087   128 01   213   
 1200  1110    90 00   150   
 1215  1200    15 00    25   
 1215  1087   128 01   213   
 1200  1110    90 00   150   
 1215  1200    15 00    25   
  870   600   270 00   450   
  905   705   200 20   333+1 
  905   705   200 20   333+1 
 1065   920   145 02   242-1 
 1065   920   145 02   242-1 
 1215  1080   135 00   225   
 1200  1110    90 00   150   
 1215  1200    15 00    25   
 1215  1080   135 00   225   
 1200  1110    90 00   150   
 1215  1200    15 00    25   
  902   705   197 20   328+1 
  902   705   197 20   328+1 
 1067   917   150 22   250   
 1067   917   150 22   250   
 1214  1082   132 22   220   
 1200  1110    90 00   150   
 1214  1200    14 20    23+1 
 1214  1082   132 22   220   
 1200  1110    90 00   150   
 1214  1200    14 20    23+1 
  875   705   170 20   283+1 
  875   705   170 20   283+1 
 1055   890   165 22   275   
 1055   890   165 22   275   
 1223  1070   153 22   255   
 1200  1110    90 00   150   
 1223  1200    23 20    38+1 
 1223  1070   153 22   255   
 1200  1110    90 00   150   
 1223  1200    23 20    38+1 
 1080   750   330 00   550   
 1080   540   540 00   900   
  960   540   420 00   700   
  877   705   172 10   287   
  877   705   172 10   287   
 1016   892   124 21   207   
 1016   892   124 21   207   
 1222  1031   191 12   318   
 1200  1110    90 00   150   
 1222  1200    22 10    37   
 1222  1031   191 12   318   
 1200  1110    90 00   150   
 1222  1200    22 10    37   
  816   600   216 00   360   
  816   600   216 00   360   
 1037   831   206 20   343+1 
 1037   831   206 20   343+1 
 1110  1052    58 02    97-1 
 1111  1052    59 12    98   
 1111  1110     1 10     2   
  880   720   160 10   267   
  578   405   173 20   288+1 
  578   405   173 20   288+1 
  802   593   209 12   348   
  802   593   209 12   348   
  915   817    98 01   163   
  915   817    98 01   163   
  917   705   212 20   353+1 
  917   705   212 20   353+1 
 1065   932   133 02   222-1 
 1065   932   133 02   222-1 
 1215  1080   135 00   225   
 1200  1110    90 00   150   
 1215  1200    15 00    25   
 1215  1080   135 00   225   
 1200  1110    90 00   150   
 1215  1200    15 00    25   
  822   600   222 00   370   
  822   600   222 00   370   
  987   837   150 00   250   
  987   837   150 00   250   
 1110  1002   108 00   180   
 1110  1002   108 00   180   
  773   600   173 20   288+1 
  773   600   173 20   288+1 
  998   788   210 22   350   
  998   788   210 22   350   
 1110  1013    97 02   162-1 
 1110  1013    97 02   162-1 
  808   705   103 10   172   
  808   705   103 10   172   
 1054   823   231 11   385   
 1054   823   231 11   385   
 1219  1069   150 11   250   
 1200  1110    90 00   150   
 1219  1200    19 10    32   
 1219  1069   150 11   250   
 1200  1110    90 00   150   
 1219  1200    19 10    32   
  917   705   212 20   353+1 
  917   705   212 20   353+1 
 1063   932   131 12   218   
 1063   932   131 12   218   
 1214  1078   136 21   227   
 1200  1110    90 00   150   
 1214  1200    14 20    23+1 
 1214  1078   136 21   227   
 1200  1110    90 00   150   
 1214  1200    14 20    23+1 
  774   600   174 00   290   
  774   600   174 00   290   
  979   789   190 10   317   
  979   789   190 10   317   
 1110   994   116 01   193   
 1112   994   118 21   197   
 1112  1110     2 20     3+1 
  606   390   216 00   360   
  606   390   216 00   360   
  735   621   114 00   190   
  735   621   114 00   190   
  838   705   133 10   222   
  838   705   133 10   222   
 1029   854   175 02   292-1 
 1029   854   175 02   292-1 
 1212  1044   168 00   280   
 1200  1110    90 00   150   
 1212  1200    12 00    20   
 1212  1044   168 00   280   
 1200  1110    90 00   150   
 1212  1200    12 00    20   
  915   705   210 00   350   
  915   705   210 00   350   
 1051   930   121 10   202   
 1051   930   121 10   202   
 1221  1066   155 01   258   
 1200  1110    90 00   150   
 1221  1200    21 00    35   
 1221  1066   155 01   258   
 1200  1110    90 00   150   
 1221  1200    21 00    35   
  817   600   217 10   362   
  817   600   217 10   362   
 1019   832   187 21   312   
 1019   832   187 21   312   
 1110  1034    76 02   127-1 
 1110  1034    76 02   127-1 
  856   705   151 10   252   
  856   705   151 10   252   
 1064   871   193 21   322   
 1064   871   193 21   322   
 1215  1079   136 02   227-1 
 1200  1110    90 00   150   
 1215  1200    15 00    25   
 1215  1079   136 02   227-1 
 1200  1110    90 00   150   
 1215  1200    15 00    25   
 1011   870   141 00   235   
 1011   870   141 00   235   
 1223  1026   197 20   328+1 
 1200  1110    90 00   150   
 1223  1200    23 20    38+1 
 1223  1026   197 20   328+1 
 1200  1110    90 00   150   
 1223  1200    23 20    38+1 
  865   720   145 10   242   
  622   405   217 10   362   
  622   405   217 10   362   
  810   637   173 01   288   
  810   637   173 01   288   
  915   825    90 00   150   
  916   825    91 10   152   
  865   705   160 10   267   
  865   705   160 10   267   
 1046   880   166 21   277   
 1046   880   166 21   277   
 1215  1061   154 02   257-1 
 1200  1110    90 00   150   
 1215  1200    15 00    25   
 1215  1061   154 02   257-1 
 1200  1110    90 00   150   
 1215  1200    15 00    25   
  776   600   176 20   293+1 
  776   600   176 20   293+1 
 1060   791   269 12   448   
 1060   791   269 12   448   
 1120  1075    45 11    75   
 1120  1110    10 10    17   
 1120  1075    45 11    75   
 1120  1110    10 10    17   
  814   600   214 10   357   
  814   600   214 10   357   
 1040   829   211 21   352   
 1040   829   211 21   352   
 1110  1055    55 02    92-1 
 1111  1055    56 12    93   
 1111  1110     1 10     2   
  606   375   231 00   385   
  606   375   231 00   385   
  720   621    99 00   165   
  720   621    99 00   165   
  844   705   139 10   232   
  844   705   139 10   232   
 1075   859   216 11   360   
 1075   859   216 11   360   
 1215  1090   125 01   208   
 1200  1110    90 00   150   
 1215  1200    15 00    25   
 1215  1090   125 01   208   
 1200  1110    90 00   150   
 1215  1200    15 00    25   
  830   705   125 20   208+1 
  830   705   125 20   208+1 
  998   845   153 22   255   
  998   845   153 22   255   
 1221  1013   208 02   347-1 
 1200  1110    90 00   150   
 1221  1200    21 00    35   
 1221  1013   208 02   347-1 
 1200  1110    90 00   150   
 1221  1200    21 00    35   
  824   600   224 20   373+0 
  824   600   224 20   373+0 
 1034   824   210 22   350   
 1034   824   210 22   350   
 1170  1049   121 02   202+0 
 1170  1110    60 00   100   
 1170  1049   121 02   202+0 
 1170  1110    60 00   100   
  628   392   236 12   393   
  628   392   236 12   393   
  860   643   217 21   362   
  860   643   217 21   362   
  900   875    25 02    42-1 
  900   875    25 02    42-1 
  885   600   285 00   475   
  780   600   180 00   300   
  589   390   199 10   332   
  589   390   199 10   332   
  810   605   205 02   342-1 
  810   605   205 02   342-1 
  906   825    81 00   135   
  906   825    81 00   135   
  615   390   225 00   375   
  615   390   225 00   375   
  900   630   270 00   450   
  900   630   270 00   450   
  606   390   216 00   360   
  606   390   216 00   360   
  904   621   283 10   472   
  904   621   283 10   472   
  860   600   260 20   433+1 
  860   600   260 20   433+1 
  985   875   110 12   183   
  985   875   110 12   183   
 1110  1000   110 01   183   
 1110  1000   110 01   183   
  886   705   181 10   302   
  886   705   181 10   302   
 1010   901   109 21   182   
 1010   901   109 21   182   
 1215  1025   190 02   317-1 
 1200  1110    90 00   150   
 1215  1200    15 00    25   
 1215  1025   190 02   317-1 
 1200  1110    90 00   150   
 1215  1200    15 00    25   
  926   687   239 20   398+1 
  926   687   239 20   398+1 
 1036   941    95 12   158   
 1036   941    95 12   158   
 1221  1051   170 01   283   
 1200  1110    90 00   150   
 1221  1200    21 00    35   
 1221  1051   170 01   283   
 1200  1110    90 00   150   
 1221  1200    21 00    35   
  768   600   168 00   280   
  768   600   168 00   280   
 1099   783   316 10   527   
 1099   783   316 10   527   
 1224  1114   110 01   183   
 1200  1114    86 01   143   
 1224  1200    24 00    40   
 1224  1114   110 01   183   
 1200  1114    86 01   143   
 1224  1200    24 00    40   
  778   600   178 10   297   
  778   600   178 10   297   
  973   793   180 11   300   
  973   793   180 11   300   
 1110   988   122 01   203   
 1110   988   122 01   203   
  817   600   217 10   362   
  817   600   217 10   362   
  961   832   129 11   215   
  961   832   129 11   215   
 1110   976   134 01   223   
 1110   976   134 01   223   
  866   600   266 20   443+0 
  804   600   204 00   340   
  804   600   204 00   340   
 1000   819   181 10   302   
 1000   819   181 10   302   
 1110  1015    95 01   158   
 1110  1015    95 01   158   
  775   600   175 10   292   
  775   600   175 10   292   
  960   790   170 01   283   
  960   790   170 01   283   
  799   600   199 10   332   
  799   600   199 10   332   
  983   814   169 21   282   
  983   814   169 21   282   
 1110   998   112 02   187-1 
 1110   998   112 02   187-1 
  862   705   157 10   262   
  862   705   157 10   262   
 1016   877   139 21   232   
 1016   877   139 21   232   
 1212  1031   181 02   302-1 
 1200  1110    90 00   150   
 1212  1200    12 00    20   
 1212  1031   181 02   302-1 
 1200  1110    90 00   150   
 1212  1200    12 00    20   
  790   705    85 10   142   
  790   705    85 10   142   
  996   805   191 01   318   
  996   805   191 01   318   
 1211  1011   200 20   333+1 
 1200  1110    90 00   150   
 1211  1200    11 20    18+1 
 1211  1011   200 20   333+1 
 1200  1110    90 00   150   
 1211  1200    11 20    18+1 
  884   705   179 20   298+1 
  884   705   179 20   298+1 
 1056   899   157 02   262-1 
 1056   899   157 02   262-1 
 1209  1071   138 00   230   
 1200  1110    90 00   150   
 1209  1200     9 00    15   
 1209  1071   138 00   230   
 1200  1110    90 00   150   
 1209  1200     9 00    15   
 1057   870   187 10   312   
 1057   870   187 10   312   
 1227  1072   155 01   258   
 1200  1110    90 00   150   
 1227  1200    27 00    45   
 1227  1072   155 01   258   
 1200  1110    90 00   150   
 1227  1200    27 00    45   
  817   705   112 10   187   
  817   705   112 10   187   
 1036   832   204 11   340   
 1036   832   204 11   340   
 1222  1051   171 11   285   
 1200  1110    90 00   150   
 1222  1200    22 10    37   
 1222  1051   171 11   285   
 1200  1110    90 00   150   
 1222  1200    22 10    37   
  805   705   100 10   167   
  805   705   100 10   167   
 1020   820   200 01   333   
 1020   820   200 01   333   
 1215  1035   180 00   300   
 1200  1110    90 00   150   
 1215  1200    15 00    25   
 1217  1035   182 20   303+1 
 1200  1110    90 00   150   
 1217  1200    17 20    28+1 
  597   390   207 00   345   
  597   390   207 00   345   
  785   612   173 20   288+1 
  785   612   173 20   288+1 
  900   800   100 02   167-1 
  900   800   100 02   167-1 
  575   390   185 20   308+1 
  575   390   185 20   308+1 
  802   590   212 12   353   
  802   590   212 12   353   
  851   677   174 22   290   
  851   677   174 22   290   
 1022   866   156 22   260   
 1022   866   156 22   260   
 1215  1037   178 02   297-1 
 1200  1110    90 00   150   
 1215  1200    15 00    25   
 1215  1037   178 02   297-1 
 1200  1110    90 00   150   
 1215  1200    15 00    25   
  906   705   201 00   335   
  906   705   201 00   335   
 1012   921    91 10   152   
 1012   921    91 10   152   
 1215  1027   188 01   313   
 1200  1110    90 00   150   
 1215  1200    15 00    25   
 1215  1027   188 01   313   
 1200  1110    90 00   150   
 1215  1200    15 00    25   
  831   705   126 00   210   
  831   705   126 00   210   
 1026   846   180 00   300   
 1026   846   180 00   300   
 1215  1041   174 00   290   
 1200  1110    90 00   150   
 1215  1200    15 00    25   
 1216  1041   175 10   292   
 1200  1110    90 00   150   
 1216  1200    16 10    27   
  851   600   251 20   418+1 
  851   600   251 20   418+1 
  969   866   103 02   172-1 
  969   866   103 02   172-1 
 1110   984   126 00   210   
 1110   984   126 00   210   
 1020   870   150 00   250   
 1020   870   150 00   250   
 1215  1035   180 00   300   
 1200  1110    90 00   150   
 1215  1200    15 00    25   
 1215  1035   180 00   300   
 1200  1110    90 00   150   
 1215  1200    15 00    25   
  865   600   265 10   442   
  882   705   177 00   295   
  882   705   177 00   295   
 1062   898   164 01   273   
 1062   898   164 01   273   
 1230  1077   153 00   255   
 1200  1110    90 00   150   
 1230  1200    30 00    50   
 1230  1077   153 00   255   
 1200  1110    90 00   150   
 1230  1200    30 00    50   
  751   600   151 10   252   
  751   600   151 10   252   
  939   766   173 01   288   
  939   766   173 01   288   
 1110   954   156 00   260   
 1110   954   156 00   260   
 1208   960   248 20   413+1 
 1200  1110    90 00   150   
 1208  1200     8 20    13+1 
 1208   960   248 20   413+1 
 1200  1110    90 00   150   
 1208  1200     8 20    13+1 
  873   705   168 00   280   
  873   705   168 00   280   
 1050   888   162 00   270   
 1050   888   162 00   270   
 1215  1065   150 00   250   
 1200  1110    90 00   150   
 1215  1200    15 00    25   
 1215  1065   150 00   250   
 1200  1110    90 00   150   
 1215  1200    15 00    25   
  626   390   236 20   393+1 
  626   390   236 20   393+1 
  853   641   212 12   353   
  853   641   212 12   353   
  900   868    32 01    53   
  900   868    32 01    53   
  990   870   120 00   200   
  990   870   120 00   200   
 1215  1005   210 00   350   
 1200  1110    90 00   150   
 1215  1200    15 00    25   
 1215  1005   210 00   350   
 1200  1110    90 00   150   
 1215  1200    15 00    25   
  891   705   186 00   310   
  891   705   186 00   310   
 1062   906   156 00   260   
 1062   906   156 00   260   
 1222  1077   145 10   242   
 1200  1110    90 00   150   
 1222  1200    22 10    37   
 1222  1077   145 10   242   
 1200  1110    90 00   150   
 1222  1200    22 10    37   
 1033   870   163 10   272   
 1033   870   163 10   272   
 1221  1048   173 01   288   
 1200  1110    90 00   150   
 1221  1200    21 00    35   
 1221  1048   173 01   288   
 1200  1110    90 00   150   
 1221  1200    21 00    35   
  609   390   219 00   365   
  609   390   219 00   365   
  735   624   111 00   185   
  735   624   111 00   185   
  863   825    38 20    63+1 
  863   825    38 20    63+1 
 1207   878   329 12   548   
 1200  1110    90 00   150   
 1207  1200     7 10    12   
 1207   878   329 12   548   
 1200  1110    90 00   150   
 1207  1200     7 10    12   
  835   705   130 10   217   
  835   705   130 10   217   
 1029   850   179 01   298   
 1029   850   179 01   298   
 1215  1044   171 00   285   
 1200  1110    90 00   150   
 1215  1200    15 00    25   
 1219  1044   175 10   292   
 1200  1110    90 00   150   
 1219  1200    19 10    32   
 1060   870   190 10   317   
 1060   870   190 10   317   
 1222  1075   147 11   245   
 1200  1110    90 00   150   
 1222  1200    22 10    37   
 1222  1075   147 11   245   
 1200  1110    90 00   150   
 1222  1200    22 10    37   
  865   705   160 10   267   
  865   705   160 10   267   
 1030   880   150 11   250   
 1030   880   150 11   250   
 1215  1045   170 01   283   
 1200  1110    90 00   150   
 1215  1200    15 00    25   
 1216  1045   171 11   285   
 1200  1110    90 00   150   
 1216  1200    16 10    27   
  933   705   228 00   380   
  933   705   228 00   380   
 1049   948   101 20   168+1 
 1049   948   101 20   168+1 
 1223  1064   159 22   265   
 1200  1110    90 00   150   
 1223  1200    23 20    38+1 
 1223  1064   159 22   265   
 1200  1110    90 00   150   
 1223  1200    23 20    38+1 
  858   705   153 00   255   
  858   705   153 00   255   
 1022   873   149 20   248+1 
 1022   873   149 20   248+1 
 1210  1037   173 12   288   
 1200  1110    90 00   150   
 1210  1200    10 10    17   
 1210  1037   173 12   288   
 1200  1110    90 00   150   
 1210  1200    10 10    17   
  850   720   130 10   217   
  640   405   235 10   392   
  640   405   235 10   392   
  748   655    93 11   155   
  748   655    93 11   155   
  915   763   152 01   253   
  915   763   152 01   253   
  620   390   230 20   383+1 
  620   390   230 20   383+1 
  735   635   100 02   167-1 
  735   635   100 02   167-1 
  780   600   180 00   300   
  780   600   180 00   300   
  997   796   201 11   335   
  997   796   201 11   335   
 1110  1012    98 01   163   
 1110  1012    98 01   163   
  937   720   217 10   362   
  937   720   217 10   362   
 1110   967   143 01   238   
 1110   967   143 01   238   
  625   375   250 10   417   
  625   375   250 10   417   
  720   640    80 01   133   
  721   640    81 11   135   
  891   705   186 00   310   
  891   705   186 00   310   
 1048   906   142 10   237   
 1048   906   142 10   237   
 1215  1063   152 01   253   
 1200  1110    90 00   150   
 1215  1200    15 00    25   
 1216  1063   153 11   255   
 1200  1110    90 00   150   
 1216  1200    16 10    27   
 1041   870   171 00   285   
 1041   870   171 00   285   
 1210  1056   154 10   257   
 1200  1110    90 00   150   
 1210  1200    10 10    17   
 1210  1056   154 10   257   
 1200  1110    90 00   150   
 1210  1200    10 10    17   
  811   705   106 10   177   
  811   705   106 10   177   
 1015   826   189 11   315   
 1015   826   189 11   315   
 1215  1030   185 01   308   
 1200  1110    90 00   150   
 1215  1200    15 00    25   
 1218  1030   188 01   313   
 1200  1110    90 00   150   
 1218  1200    18 00    30   
  732   570   162 00   270   
  732   570   162 00   270   
  927   747   180 00   300   
  927   747   180 00   300   
 1080   942   138 00   230   
 1080   942   138 00   230   
  608   375   233 20   388-1 
  608   375   233 20   388-1 
  722   623    99 22   165   
  722   623    99 22   165   
  920   600   320 20   533+0 
  695   545   150 22   250   
  893   705   188 20   313+1 
  893   705   188 20   313+1 
 1088   908   180 22   300   
 1088   908   180 22   300   
 1220  1103   117 22   195   
 1200  1110    90 00   150   
 1220  1200    20 20    33+1 
 1220  1103   117 22   195   
 1200  1110    90 00   150   
 1220  1200    20 20    33+1 
  870   705   165 00   275   
  870   705   165 00   275   
 1070   885   185 20   308+1 
 1070   885   185 20   308+1 
 1215  1085   130 02   217-1 
 1200  1110    90 00   150   
 1215  1200    15 00    25   
 1215  1085   130 02   217-1 
 1200  1110    90 00   150   
 1215  1200    15 00    25   
 1076   870   206 20   343+1 
 1076   870   206 20   343+1 
 1215  1091   124 02   207-1 
 1200  1110    90 00   150   
 1215  1200    15 00    25   
 1216  1091   125 12   208   
 1200  1110    90 00   150   
 1216  1200    16 10    27   
  599   405   194 20   323+1 
  599   405   194 20   323+1 
  809   614   195 22   325   
  809   614   195 22   325   
  925   824   101 12   168   
  925   824   101 12   168   
  938   765   173 20   288+1 
  938   765   173 20   288+1 
 1142   953   189 22   315   
 1142  1110    32 20    53+1 
 1142   953   189 22   315   
 1142  1110    32 20    53+1 
 1275  1157   118 02   197-1 
 1200  1157    43 02    72-1 
 1275  1200    75 00   125   
 1275  1157   118 02   197-1 
 1200  1157    43 02    72-1 
 1275  1200    75 00   125   
  977   765   212 20   353+1 
  977   765   212 20   353+1 
 1141   992   149 12   248   
 1141  1110    31 10    52   
 1141   992   149 12   248   
 1141  1110    31 10    52   
 1270  1156   114 11   190   
 1200  1156    44 01    73   
 1270  1200    70 10   117   
 1270  1156   114 11   190   
 1200  1156    44 01    73   
 1270  1200    70 10   117   
 1097   900   197 20   328+1 
 1097   900   197 20   328+1 
 1275  1112   163 02   272-1 
 1200  1112    88 02   147-1 
 1275  1200    75 00   125   
 1275  1112   163 02   272-1 
 1200  1112    88 02   147-1 
 1275  1200    75 00   125   
  860   720   140 20   233+0 
  609   405   204 00   340   
  609   405   204 00   340   
  805   624   181 10   302   
  805   624   181 10   302   
  915   820    95 01   158   
  915   820    95 01   158   
  995   765   230 20   383+1 
  995   765   230 20   383+1 
 1146  1010   136 02   227-1 
 1146  1110    36 00    60   
 1146  1010   136 02   227-1 
 1146  1110    36 00    60   
 1275  1161   114 00   190   
 1200  1161    39 00    65   
 1275  1200    75 00   125   
 1279  1161   118 10   197   
 1200  1161    39 00    65   
 1279  1200    79 10   132   
  966   765   201 00   335   
  966   765   201 00   335   
 1160   981   179 20   298+1 
 1160  1110    50 20    83+1 
 1160   981   179 20   298+1 
 1160  1110    50 20    83+1 
 1273  1175    98 12   163   
 1200  1175    25 02    42-1 
 1273  1200    73 10   122   
 1273  1175    98 12   163   
 1200  1175    25 02    42-1 
 1273  1200    73 10   122   
  917   765   152 20   253+1 
  917   765   152 20   253+1 
 1052   932   120 22   200   
 1052   932   120 22   200   
 1285  1067   218 12   363   
 1200  1110    90 00   150   
 1285  1200    85 10   142   
 1285  1067   218 12   363   
 1200  1110    90 00   150   
 1285  1200    85 10   142   
  952   780   172 10   287   
  952   780   172 10   287   
 1185   982   203 01   338   
 1185  1110    75 00   125   
 1185   982   203 01   338   
 1185  1110    75 00   125   
  950   779   171 22   285   
  950   779   171 22   285   
 1084   966   118 10   197   
 1084   966   118 10   197   
 1274  1099   175 21   292   
 1200  1110    90 00   150   
 1274  1200    74 20   123+1 
 1274  1099   175 21   292   
 1200  1110    90 00   150   
 1274  1200    74 20   123+1 
 1045   855   190 10   317   
 1045   855   190 10   317   
 1185  1060   125 01   208   
 1185  1110    75 00   125   
 1185  1060   125 01   208   
 1185  1110    75 00   125   
 1064   885   179 20   298+1 
 1064   885   179 20   298+1 
 1280  1094   186 22   310   
 1200  1110    90 00   150   
 1280  1200    80 20   133+1 
 1280  1094   186 22   310   
 1200  1110    90 00   150   
 1280  1200    80 20   133+1 
 1050   885   165 00   275   
 1050   885   165 00   275   
 1281  1080   201 00   335   
 1200  1110    90 00   150   
 1281  1200    81 00   135   
 1281  1080   201 00   335   
 1200  1110    90 00   150   
 1281  1200    81 00   135   
  618   375   243 00   405   
  618   375   243 00   405   
  799   633   166 10   277   
  799   633   166 10   277   
  930   814   116 01   193   
  930   814   116 01   193   
  615   390   225 00   375   
  615   390   225 00   375   
  835   630   205 10   342   
  835   630   205 10   342   
  922   850    72 11   120   
  922   850    72 11   120   
  616   390   226 10   377   
  616   390   226 10   377   
  756   631   125 01   208   
  756   631   125 01   208   
  909   771   138 00   230   
  909   771   138 00   230   
  622   390   232 10   387   
  622   390   232 10   387   
  780   652   128 01   213   
  780   652   128 01   213   
  865   600   265 10   442   
  991   765   226 10   377   
  991   765   226 10   377   
 1100  1006    94 21   157   
 1100  1006    94 21   157   
 1275  1115   160 02   267-1 
 1200  1115    85 02   142-1 
 1275  1200    75 00   125   
 1275  1115   160 02   267-1 
 1200  1115    85 02   142-1 
 1275  1200    75 00   125   
  921   765   156 00   260   
  921   765   156 00   260   
 1091   936   155 20   258+1 
 1091   936   155 20   258+1 
 1275  1106   169 02   282-1 
 1200  1110    90 00   150   
 1275  1200    75 00   125   
 1275  1106   169 02   282-1 
 1200  1110    90 00   150   
 1275  1200    75 00   125   
  646   390   256 10   427   
  646   390   256 10   427   
  864   661   203 01   338   
  864   661   203 01   338   
  900   879    21 00    35   
  900   879    21 00    35   
  912   765   147 00   245   
  912   765   147 00   245   
 1105   927   178 10   297   
 1105   927   178 10   297   
 1275  1120   155 01   258   
 1200  1120    80 01   133   
 1275  1200    75 00   125   
 1276  1120   156 11   260   
 1200  1120    80 01   133   
 1276  1200    76 10   127   
  911   765   146 20   243+1 
  911   765   146 20   243+1 
 1092   926   166 02   277-1 
 1092   926   166 02   277-1 
 1275  1107   168 00   280   
 1200  1110    90 00   150   
 1275  1200    75 00   125   
 1275  1107   168 00   280   
 1200  1110    90 00   150   
 1275  1200    75 00   125   
  588   390   198 00   330   
  588   390   198 00   330   
  770   603   167 20   278+1 
  770   603   167 20   278+1 
  900   785   115 02   192-1 
  902   785   117 22   195   
  570   390   180 00   300   
  570   390   180 00   300   
  795   585   210 00   350   
  795   585   210 00   350   
  900   810    90 00   150   
  900   810    90 00   150   
  946   765   181 10   302   
  946   765   181 10   302   
 1171   961   210 11   350   
 1171  1110    61 10   102   
 1171   961   210 11   350   
 1171  1110    61 10   102   
  855   720   135 00   225   
 1230   840   390 00   650   
 1275   765   510 00   850   
 1275   765   510 00   850   
 1275   765   510 00   850   
 1275   765   510 00   850   
  588   390   198 00   330   
  588   390   198 00   330   
  704   603   101 20   168+1 
  704   603   101 20   168+1 
  900   719   181 02   302-1 
  900   719   181 02   302-1 
  615   390   225 00   375   
  615   390   225 00   375   
  765   630   135 00   225   
  765   630   135 00   225   
  900   780   120 00   200   
  900   780   120 00   200   
  607   390   217 10   362   
  607   390   217 10   362   
  780   637   143 01   238   
  780   637   143 01   238   
  880   600   280 10   467   
  603   405   198 00   330   
  603   405   198 00   330   
  780   618   162 00   270   
  780   618   162 00   270   
  603   390   213 00   355   
  603   390   213 00   355   
  757   618   139 10   232   
  757   618   139 10   232   
  905   772   133 21   222   
  905   772   133 21   222   
  543   390   153 00   255   
  543   390   153 00   255   
  775   558   217 10   362   
  775   558   217 10   362   
  900   790   110 01   183   
  900   790   110 01   183   
  600   390   210 00   350   
  600   390   210 00   350   
  780   630   150 00   250   
  780   630   150 00   250   
  951   765   186 00   310   
  951   765   186 00   310   
 1092   966   126 00   210   
 1092   966   126 00   210   
 1290  1107   183 00   305   
 1200  1110    90 00   150   
 1290  1200    90 00   150   
 1290  1107   183 00   305   
 1200  1110    90 00   150   
 1290  1200    90 00   150   
  965   765   200 20   333+1 
  965   765   200 20   333+1 
 1141   980   161 12   268   
 1141  1110    31 10    52   
 1141   980   161 12   268   
 1141  1110    31 10    52   
 1275  1156   119 01   198   
 1200  1156    44 01    73   
 1275  1200    75 00   125   
 1275  1156   119 01   198   
 1200  1156    44 01    73   
 1275  1200    75 00   125   
 1020   900   120 00   200   
 1020   900   120 00   200   
 1275  1035   240 00   400   
 1200  1110    90 00   150   
 1275  1200    75 00   125   
 1275  1035   240 00   400   
 1200  1110    90 00   150   
 1275  1200    75 00   125   
  781   600   181 10   302   
  781   600   181 10   302   
 1017   796   221 01   368   
 1017   796   221 01   368   
 1140  1032   108 00   180   
 1140  1110    30 00    50   
 1140  1032   108 00   180   
 1140  1110    30 00    50   
  640   375   265 10   442   
  640   375   265 10   442   
  795   655   140 01   233   
  795   655   140 01   233   
  891   810    81 00   135   
  891   810    81 00   135   
  855   720   135 00   225   
  857   765    92 20   153+1 
  857   765    92 20   153+1 
 1095   872   223 02   372-1 
 1095   872   223 02   372-1 
 1275  1110   165 00   275   
 1200  1110    90 00   150   
 1275  1200    75 00   125   
 1276  1110   166 10   277   
 1200  1110    90 00   150   
 1276  1200    76 10   127   
  945   765   180 00   300   
  945   765   180 00   300   
 1073   960   113 20   188+1 
 1073   960   113 20   188+1 
 1275  1088   187 02   312-1 
 1200  1110    90 00   150   
 1275  1200    75 00   125   
 1275  1088   187 02   312-1 
 1200  1110    90 00   150   
 1275  1200    75 00   125   
  930   765   165 00   275   
  930   765   165 00   275   
 1080   945   135 00   225   
 1080   945   135 00   225   
 1290  1095   195 00   325   
 1200  1110    90 00   150   
 1290  1200    90 00   150   
 1290  1095   195 00   325   
 1200  1110    90 00   150   
 1290  1200    90 00   150   
  670   540   130 10   217   
  649   390   259 10   432   
  649   390   259 10   432   
  773   666   107 20   178+1 
  773   666   107 20   178+1 
  900   788   112 02   187-1 
  900   788   112 02   187-1 
  611   390   221 20   368+1 
  611   390   221 20   368+1 
  900   626   274 02   457-1 
  900   626   274 02   457-1 
  918   765   153 00   255   
  918   765   153 00   255   
 1075   933   142 10   237   
 1075   933   142 10   237   
 1285  1090   195 11   325   
 1200  1110    90 00   150   
 1285  1200    85 10   142   
 1285  1090   195 11   325   
 1200  1110    90 00   150   
 1285  1200    85 10   142   
  606   375   231 00   385   
  606   375   231 00   385   
  803   621   182 20   303+1 
  803   621   182 20   303+1 
  885   818    67 02   112-1 
  885   818    67 02   112-1 
  870   600   270 00   450   
  720   570   150 00   250   
  585   390   195 00   325   
  585   390   195 00   325   
  814   600   214 10   357   
  814   600   214 10   357   
  900   829    71 01   118   
  900   829    71 01   118   
  635   390   245 20   408+1 
  635   390   245 20   408+1 
  892   650   242 12   403   
  892   650   242 12   403   
  960   907    53 01    88   
  960   907    53 01    88   
  750   600   150 00   250   
  750   600   150 00   250   
 1017   765   252 00   420   
 1017   765   252 00   420   
 1170  1032   138 00   230   
 1170  1110    60 00   100   
 1170  1032   138 00   230   
 1170  1110    60 00   100   
  897   765   132 00   220   
  897   765   132 00   220   
 1036   912   124 10   207   
 1036   912   124 10   207   
 1275  1051   224 01   373   
 1200  1110    90 00   150   
 1275  1200    75 00   125   
 1275  1051   224 01   373   
 1200  1110    90 00   150   
 1275  1200    75 00   125   
 1032   885   147 00   245   
 1032   885   147 00   245   
 1275  1062   213 00   355   
 1200  1110    90 00   150   
 1275  1200    75 00   125   
 1275  1062   213 00   355   
 1200  1110    90 00   150   
 1275  1200    75 00   125   
  923   765   158 20   263+1 
  923   765   158 20   263+1 
 1088   938   150 22   250   
 1088   938   150 22   250   
 1275  1103   172 02   287-1 
 1200  1110    90 00   150   
 1275  1200    75 00   125   
 1275  1103   172 02   287-1 
 1200  1110    90 00   150   
 1275  1200    75 00   125   
  886   765   121 10   202   
  886   765   121 10   202   
 1036   901   135 11   225   
 1036   901   135 11   225   
 1281  1051   230 01   383   
 1200  1110    90 00   150   
 1281  1200    81 00   135   
 1281  1051   230 01   383   
 1200  1110    90 00   150   
 1281  1200    81 00   135   
  914   765   149 20   248+1 
  914   765   149 20   248+1 
 1064   929   135 22   225   
 1064   929   135 22   225   
 1289  1079   210 22   350   
 1200  1110    90 00   150   
 1289  1200    89 20   148+1 
 1289  1079   210 22   350   
 1200  1110    90 00   150   
 1289  1200    89 20   148+1 
  888   765   123 00   205   
  888   765   123 00   205   
 1072   903   169 10   282   
 1072   903   169 10   282   
 1275  1087   188 01   313   
 1200  1110    90 00   150   
 1275  1200    75 00   125   
 1275  1087   188 01   313   
 1200  1110    90 00   150   
 1275  1200    75 00   125   
  855   720   135 00   225   
  901   765   136 10   227   
  901   765   136 10   227   
 1066   916   150 11   250   
 1066   916   150 11   250   
 1275  1081   194 01   323   
 1200  1110    90 00   150   
 1275  1200    75 00   125   
 1276  1081   195 11   325   
 1200  1110    90 00   150   
 1276  1200    76 10   127   
  913   765   148 10   247   
  913   765   148 10   247   
 1090   928   162 11   270   
 1090   928   162 11   270   
 1282  1105   177 11   295   
 1200  1110    90 00   150   
 1282  1200    82 10   137   
 1282  1105   177 11   295   
 1200  1110    90 00   150   
 1282  1200    82 10   137   
  952   765   187 10   312   
  952   765   187 10   312   
 1281   982   299 01   498   
 1200  1110    90 00   150   
 1281  1200    81 00   135   
 1281   982   299 01   498   
 1200  1110    90 00   150   
 1281  1200    81 00   135   
 1002   885   117 00   195   
 1002   885   117 00   195   
 1275  1032   243 00   405   
 1200  1110    90 00   150   
 1275  1200    75 00   125   
 1275  1032   243 00   405   
 1200  1110    90 00   150   
 1275  1200    75 00   125   
  752   600   152 20   253+1 
  752   600   152 20   253+1 
 1020   767   253 02   422-1 
 1020   767   253 02   422-1 
 1110  1035    75 00   125   
 1110  1035    75 00   125   
 1045   885   160 10   267   
 1045   885   160 10   267   
 1275  1075   200 01   333   
 1200  1110    90 00   150   
 1275  1200    75 00   125   
 1275  1075   200 01   333   
 1200  1110    90 00   150   
 1275  1200    75 00   125   
  829   600   229 10   382   
  829   600   229 10   382   
 1020   859   161 01   268   
 1020   859   161 01   268   
   -1   870  -871 -10 -1452   
 1032   870   162 00   270   
   -1  1062 -1063 -10 -1772   
 1275  1062   213 00   355   
 1200  1110    90 00   150   
 1275  1200    75 00   125   
   -1   765  -766 -10 -1277   
  930   765   165 00   275   
   -1   945  -946 -10 -1577   
 1067   945   122 20   203+1 
   -1  1082 -1083 -12 -1805   
 1275  1082   193 02   322-1 
 1200  1110    90 00   150   
 1275  1200    75 00   125   
   -1   885  -886 -10 -1477   
 1050   885   165 00   275   
   -1  1080 -1081 -10 -1802   
 1275  1080   195 00   325   
 1200  1110    90 00   150   
 1275  1200    75 00   125   
 1275   765   510 00   850   
 1275   705   570 00   950   
 1275   870   405 00   675   
 1275   765   510 00   850   
  625   390   235 10   392   
  625   390   235 10   392   
  802   640   162 11   270   
  802   640   162 11   270   
  932   817   115 21   192   
  932   817   115 21   192   
  970   765   205 10   342   
  970   765   205 10   342   
 1296  1000   296 01   493   
 1200  1110    90 00   150   
 1296  1200    96 00   160   
 1296  1000   296 01   493   
 1200  1110    90 00   150   
 1296  1200    96 00   160   
   -1   765  -766 -10 -1277   
  964   765   199 10   332   
   -1   979  -980 -11 -1633   
 1095   979   116 01   193   
   -1  1110 -1111 -10 -1852   
 1275  1110   165 00   275   
 1200  1110    90 00   150   
 1275  1200    75 00   125   
 1052  1022    30 22    50   
 1052  1022    30 22    50   
 1059   885   174 00   290   
 1059   885   174 00   290   
 1271  1089   182 20   303+1 
 1200  1110    90 00   150   
 1271  1200    71 20   118+1 
 1271  1089   182 20   303+1 
 1200  1110    90 00   150   
 1271  1200    71 20   118+1 
  874   765   109 10   182   
  874   765   109 10   182   
 1117   949   168 11   280   
 1117  1110     7 10    12   
 1117   949   168 11   280   
 1117  1110     7 10    12   
 1290  1132   158 01   263   
 1200  1132    68 01   113   
 1290  1200    90 00   150   
 1290  1132   158 01   263   
 1200  1132    68 01   113   
 1290  1200    90 00   150   
   -1   765  -766 -10 -1277   
  979   765   214 10   357   
   -1   994  -995 -11 -1658   
 1089   994    95 01   158   
   -1  1104 -1105 -10 -1842   
 1275  1104   171 00   285   
 1200  1110    90 00   150   
 1275  1200    75 00   125   
  971   821   150 22   250   
  971   821   150 22   250   
 1111   986   125 12   208   
 1111  1110     1 10     2   
 1111   986   125 12   208   
 1111  1110     1 10     2   
 1278  1126   152 01   253   
 1200  1126    74 01   123   
 1278  1200    78 00   130   
 1278  1126   152 01   253   
 1200  1126    74 01   123   
 1278  1200    78 00   130   
  962   825   137 20   228+1 
  962   825   137 20   228+1 
 1082   977   105 22   175   
 1082   977   105 22   175   
 1281  1097   184 02   307-1 
 1200  1110    90 00   150   
 1281  1200    81 00   135   
 1281  1097   184 02   307-1 
 1200  1110    90 00   150   
 1281  1200    81 00   135   
   -1   825  -826 -10 -1377   
  961   825   136 10   227   
   -1   976  -977 -11 -1628   
 1068   976    92 01   153   
   -1  1083 -1084 -10 -1807   
 1275  1083   192 00   320   
 1200  1110    90 00   150   
 1275  1200    75 00   125   
  660   360   300 00   500   
  660   360   300 00   500   
  651   636    15 00    25   
  651   636    15 00    25   
  855   840    15 00    25   
  855   840    15 00    25   
   -1   765  -766 -10 -1277   
  897   765   132 00   220   
   -1   912  -913 -10 -1522   
 1037   912   125 20   208+1 
   -1  1052 -1053 -12 -1755   
 1275  1052   223 02   372-1 
 1200  1110    90 00   150   
 1275  1200    75 00   125   
   -1    -1     0 -1-1     0   
   -1   390  -391 -10  -652   
  600   390   210 00   350   
   -1   615  -616 -10 -1027   
  756   615   141 00   235   
   -1   771  -772 -10 -1287   
  780   771     9 00    15   
  729   600   129 00   215   
  729   600   129 00   215   
 1013   744   269 20   448+1 
 1013   744   269 20   448+1 
 1117  1028    89 12   148   
 1117  1110     7 10    12   
 1117  1028    89 12   148   
 1117  1110     7 10    12   
  550   360   190 10   317   
  550   360   190 10   317   
  689   565   124 21   207   
  689   565   124 21   207   
  780   704    76 02   127-1 
  780   704    76 02   127-1 
  906   765   141 00   235   
  906   765   141 00   235   
 1050   921   129 00   215   
 1050   921   129 00   215   
 1275  1065   210 00   350   
 1200  1110    90 00   150   
 1275  1200    75 00   125   
 1275  1065   210 00   350   
 1200  1110    90 00   150   
 1275  1200    75 00   125   
   -1    -1     0 -1-1     0   
 1080   570   510 00   850   
 1110   600   510 00   850   
 1275   765   510 00   850   
   -1    -1     0 -1-1     0   
 1275   765   510 00   850   
   -1    -1     0 -1-1     0   
 1230   900   330 00   550   
 1140   600   540 00   900   
  885   375   510 00   850   
   -1    -1     0 -1-1     0   
 1275   765   510 00   850   
   -1    -1     0 -1-1     0   
 1275   765   510 00   850   
 1275   765   510 00   850   
   -1    -1     0 -1-1     0   
   -1    -1     0 -1-1     0   
   -1    -1     0 -1-1     0   
  900   390   510 00   850   
  900   390   510 00   850   
 1275   765   510 00   850   
  885   375   510 00   850   
  870   600   270 00   450   
  720   570   150 00   250   
  900   390   510 00   850   
  900   390   510 00   850   
 1170   600   570 00   950   
