  min   sub    md ms   dez korr 2016-04-10 22:57:58
   60     0    60 00   100   
   61     1    60 11   100   
   62     2    60 22   100   
   61     0    61 10   102   
   62     1    61 21   102   
   63     2    61 02   102-1 
   62     0    62 20   103+1 
   63     1    62 01   103   
   64     2    62 12   103   
   63     0    63 00   105   
   64     1    63 11   105   
   65     2    63 22   105   
   64     0    64 10   107   
   65     1    64 21   107   
   66     2    64 02   107-1 
   65     0    65 20   108+1 
   66     1    65 01   108   
   67     2    65 12   108   
   66     0    66 00   110   
   67     1    66 11   110   
   68     2    66 22   110   
   67     0    67 10   112   
   68     1    67 21   112   
   69     2    67 02   112-1 
   68     0    68 20   113+1 
   69     1    68 01   113   
   70     2    68 12   113   
   69     0    69 00   115   
   70     1    69 11   115   
   71     2    69 22   115   
   70     0    70 10   117   
   71     1    70 21   117   
   72     2    70 02   117-1 
   71     0    71 20   118+1 
   72     1    71 01   118   
   73     2    71 12   118   
   72     0    72 00   120   
   73     1    72 11   120   
   74     2    72 22   120   
   73     0    73 10   122   
   74     1    73 21   122   
   75     2    73 02   122-1 
   74     0    74 20   123+1 
   75     1    74 01   123   
   76     2    74 12   123   
   75     0    75 00   125   
   76     1    75 11   125   
   77     2    75 22   125   
   76     0    76 10   127   
   77     1    76 21   127   
   78     2    76 02   127-1 
   77     0    77 20   128+1 
   78     1    77 01   128   
   79     2    77 12   128   
   78     0    78 00   130   
   79     1    78 11   130   
   80     2    78 22   130   
